Exterior Coordinates :
Coordinate A ( 160, 160)
Coordinate B ( 260, 160)
Coordinate C ( 360, 260)
Coordinate of Centroid ( 260, 193)
Number of Exteriror pixels : 403
Coordinates(Including A,B and C also) : 
X, Y
160, 160
161, 160
162, 160
163, 160
164, 160
165, 160
166, 160
167, 160
168, 160
169, 160
170, 160
171, 160
172, 160
173, 160
174, 160
175, 160
176, 160
177, 160
178, 160
179, 160
180, 160
181, 160
182, 160
183, 160
184, 160
185, 160
186, 160
187, 160
188, 160
189, 160
190, 160
191, 160
192, 160
193, 160
194, 160
195, 160
196, 160
197, 160
198, 160
199, 160
200, 160
201, 160
202, 160
203, 160
204, 160
205, 160
206, 160
207, 160
208, 160
209, 160
210, 160
211, 160
212, 160
213, 160
214, 160
215, 160
216, 160
217, 160
218, 160
219, 160
220, 160
221, 160
222, 160
223, 160
224, 160
225, 160
226, 160
227, 160
228, 160
229, 160
230, 160
231, 160
232, 160
233, 160
234, 160
235, 160
236, 160
237, 160
238, 160
239, 160
240, 160
241, 160
242, 160
243, 160
244, 160
245, 160
246, 160
247, 160
248, 160
249, 160
250, 160
251, 160
252, 160
253, 160
254, 160
255, 160
256, 160
257, 160
258, 160
259, 160
260, 160
260, 160
261, 161
262, 162
263, 163
264, 164
265, 165
266, 166
267, 167
268, 168
269, 169
270, 170
271, 171
272, 172
273, 173
274, 174
275, 175
276, 176
277, 177
278, 178
279, 179
280, 180
281, 181
282, 182
283, 183
284, 184
285, 185
286, 186
287, 187
288, 188
289, 189
290, 190
291, 191
292, 192
293, 193
294, 194
295, 195
296, 196
297, 197
298, 198
299, 199
300, 200
301, 201
302, 202
303, 203
304, 204
305, 205
306, 206
307, 207
308, 208
309, 209
310, 210
311, 211
312, 212
313, 213
314, 214
315, 215
316, 216
317, 217
318, 218
319, 219
320, 220
321, 221
322, 222
323, 223
324, 224
325, 225
326, 226
327, 227
328, 228
329, 229
330, 230
331, 231
332, 232
333, 233
334, 234
335, 235
336, 236
337, 237
338, 238
339, 239
340, 240
341, 241
342, 242
343, 243
344, 244
345, 245
346, 246
347, 247
348, 248
349, 249
350, 250
351, 251
352, 252
353, 253
354, 254
355, 255
356, 256
357, 257
358, 258
359, 259
360, 260
160, 160
161, 161
162, 161
163, 162
164, 162
165, 163
166, 163
167, 164
168, 164
169, 165
170, 165
171, 166
172, 166
173, 167
174, 167
175, 168
176, 168
177, 169
178, 169
179, 170
180, 170
181, 171
182, 171
183, 172
184, 172
185, 173
186, 173
187, 174
188, 174
189, 175
190, 175
191, 176
192, 176
193, 177
194, 177
195, 178
196, 178
197, 179
198, 179
199, 180
200, 180
201, 181
202, 181
203, 182
204, 182
205, 183
206, 183
207, 184
208, 184
209, 185
210, 185
211, 186
212, 186
213, 187
214, 187
215, 188
216, 188
217, 189
218, 189
219, 190
220, 190
221, 191
222, 191
223, 192
224, 192
225, 193
226, 193
227, 194
228, 194
229, 195
230, 195
231, 196
232, 196
233, 197
234, 197
235, 198
236, 198
237, 199
238, 199
239, 200
240, 200
241, 201
242, 201
243, 202
244, 202
245, 203
246, 203
247, 204
248, 204
249, 205
250, 205
251, 206
252, 206
253, 207
254, 207
255, 208
256, 208
257, 209
258, 209
259, 210
260, 210
261, 211
262, 211
263, 212
264, 212
265, 213
266, 213
267, 214
268, 214
269, 215
270, 215
271, 216
272, 216
273, 217
274, 217
275, 218
276, 218
277, 219
278, 219
279, 220
280, 220
281, 221
282, 221
283, 222
284, 222
285, 223
286, 223
287, 224
288, 224
289, 225
290, 225
291, 226
292, 226
293, 227
294, 227
295, 228
296, 228
297, 229
298, 229
299, 230
300, 230
301, 231
302, 231
303, 232
304, 232
305, 233
306, 233
307, 234
308, 234
309, 235
310, 235
311, 236
312, 236
313, 237
314, 237
315, 238
316, 238
317, 239
318, 239
319, 240
320, 240
321, 241
322, 241
323, 242
324, 242
325, 243
326, 243
327, 244
328, 244
329, 245
330, 245
331, 246
332, 246
333, 247
334, 247
335, 248
336, 248
337, 249
338, 249
339, 250
340, 250
341, 251
342, 251
343, 252
344, 252
345, 253
346, 253
347, 254
348, 254
349, 255
350, 255
351, 256
352, 256
353, 257
354, 257
355, 258
356, 258
357, 259
358, 259
359, 260
360, 260

Interior Coordinates :
Seed Point ( 261, 194)
Number of Interiror pixels : 4849
Interior Coordinates : 
X, Y
261, 194
262, 194
263, 194
264, 194
265, 194
266, 194
267, 194
268, 194
269, 194
270, 194
271, 194
272, 194
273, 194
274, 194
275, 194
276, 194
277, 194
278, 194
279, 194
280, 194
281, 194
282, 194
283, 194
284, 194
285, 194
286, 194
287, 194
288, 194
289, 194
290, 194
291, 194
292, 194
293, 194
293, 195
294, 195
294, 196
295, 196
295, 197
296, 197
296, 198
297, 198
297, 199
298, 199
298, 200
299, 200
299, 201
300, 201
300, 202
301, 202
301, 203
302, 203
302, 204
303, 204
303, 205
304, 205
304, 206
305, 206
305, 207
306, 207
306, 208
307, 208
307, 209
308, 209
308, 210
309, 210
309, 211
310, 211
310, 212
311, 212
311, 213
312, 213
312, 214
313, 214
313, 215
314, 215
314, 216
315, 216
315, 217
316, 217
316, 218
317, 218
317, 219
318, 219
318, 220
319, 220
319, 221
320, 221
320, 222
321, 222
321, 223
322, 223
322, 224
323, 224
323, 225
324, 225
324, 226
325, 226
325, 227
326, 227
326, 228
327, 228
327, 229
328, 229
328, 230
329, 230
329, 231
330, 231
330, 232
331, 232
331, 233
332, 233
332, 234
333, 234
333, 235
334, 235
334, 236
335, 236
335, 237
336, 237
336, 238
337, 238
337, 239
338, 239
338, 240
339, 240
339, 241
340, 241
340, 242
341, 242
341, 243
342, 243
342, 244
343, 244
343, 245
344, 245
344, 246
345, 246
345, 247
346, 247
346, 248
347, 248
347, 249
348, 249
348, 250
349, 250
349, 251
350, 251
350, 252
351, 252
351, 253
352, 253
352, 254
353, 254
353, 255
354, 255
354, 256
355, 256
355, 257
356, 257
353, 256
352, 255
351, 255
351, 254
350, 254
349, 254
349, 253
350, 253
348, 253
347, 253
347, 252
348, 252
349, 252
348, 251
347, 251
346, 251
345, 251
344, 251
343, 251
343, 250
344, 250
345, 250
346, 250
347, 250
346, 249
345, 249
344, 249
343, 249
342, 249
341, 249
340, 249
339, 249
339, 248
340, 248
341, 248
342, 248
343, 248
344, 248
345, 248
344, 247
343, 247
342, 247
341, 247
340, 247
339, 247
338, 247
337, 247
336, 247
335, 247
335, 246
336, 246
337, 246
338, 246
339, 246
340, 246
341, 246
342, 246
343, 246
342, 245
341, 245
340, 245
339, 245
338, 245
337, 245
336, 245
335, 245
334, 245
333, 245
332, 245
331, 245
331, 244
332, 244
333, 244
334, 244
335, 244
336, 244
337, 244
338, 244
339, 244
340, 244
341, 244
340, 243
339, 243
338, 243
337, 243
336, 243
335, 243
334, 243
333, 243
332, 243
331, 243
330, 243
329, 243
328, 243
327, 243
327, 242
328, 242
329, 242
330, 242
331, 242
332, 242
333, 242
334, 242
335, 242
336, 242
337, 242
338, 242
339, 242
338, 241
337, 241
336, 241
335, 241
334, 241
333, 241
332, 241
331, 241
330, 241
329, 241
328, 241
327, 241
326, 241
325, 241
324, 241
323, 241
323, 240
324, 240
325, 240
326, 240
327, 240
328, 240
329, 240
330, 240
331, 240
332, 240
333, 240
334, 240
335, 240
336, 240
337, 240
336, 239
335, 239
334, 239
333, 239
332, 239
331, 239
330, 239
329, 239
328, 239
327, 239
326, 239
325, 239
324, 239
323, 239
322, 239
321, 239
320, 239
319, 239
319, 238
320, 238
321, 238
322, 238
323, 238
324, 238
325, 238
326, 238
327, 238
328, 238
329, 238
330, 238
331, 238
332, 238
333, 238
334, 238
335, 238
334, 237
333, 237
332, 237
331, 237
330, 237
329, 237
328, 237
327, 237
326, 237
325, 237
324, 237
323, 237
322, 237
321, 237
320, 237
319, 237
318, 237
317, 237
316, 237
315, 237
315, 236
316, 236
317, 236
318, 236
319, 236
320, 236
321, 236
322, 236
323, 236
324, 236
325, 236
326, 236
327, 236
328, 236
329, 236
330, 236
331, 236
332, 236
333, 236
332, 235
331, 235
330, 235
329, 235
328, 235
327, 235
326, 235
325, 235
324, 235
323, 235
322, 235
321, 235
320, 235
319, 235
318, 235
317, 235
316, 235
315, 235
314, 235
313, 235
312, 235
311, 235
311, 234
312, 234
313, 234
314, 234
315, 234
316, 234
317, 234
318, 234
319, 234
320, 234
321, 234
322, 234
323, 234
324, 234
325, 234
326, 234
327, 234
328, 234
329, 234
330, 234
331, 234
330, 233
329, 233
328, 233
327, 233
326, 233
325, 233
324, 233
323, 233
322, 233
321, 233
320, 233
319, 233
318, 233
317, 233
316, 233
315, 233
314, 233
313, 233
312, 233
311, 233
310, 233
309, 233
308, 233
307, 233
307, 232
308, 232
309, 232
310, 232
311, 232
312, 232
313, 232
314, 232
315, 232
316, 232
317, 232
318, 232
319, 232
320, 232
321, 232
322, 232
323, 232
324, 232
325, 232
326, 232
327, 232
328, 232
329, 232
328, 231
327, 231
326, 231
325, 231
324, 231
323, 231
322, 231
321, 231
320, 231
319, 231
318, 231
317, 231
316, 231
315, 231
314, 231
313, 231
312, 231
311, 231
310, 231
309, 231
308, 231
307, 231
306, 231
305, 231
304, 231
303, 231
303, 230
304, 230
305, 230
306, 230
307, 230
308, 230
309, 230
310, 230
311, 230
312, 230
313, 230
314, 230
315, 230
316, 230
317, 230
318, 230
319, 230
320, 230
321, 230
322, 230
323, 230
324, 230
325, 230
326, 230
327, 230
326, 229
325, 229
324, 229
323, 229
322, 229
321, 229
320, 229
319, 229
318, 229
317, 229
316, 229
315, 229
314, 229
313, 229
312, 229
311, 229
310, 229
309, 229
308, 229
307, 229
306, 229
305, 229
304, 229
303, 229
302, 229
301, 229
300, 229
299, 229
299, 228
300, 228
301, 228
302, 228
303, 228
304, 228
305, 228
306, 228
307, 228
308, 228
309, 228
310, 228
311, 228
312, 228
313, 228
314, 228
315, 228
316, 228
317, 228
318, 228
319, 228
320, 228
321, 228
322, 228
323, 228
324, 228
325, 228
324, 227
323, 227
322, 227
321, 227
320, 227
319, 227
318, 227
317, 227
316, 227
315, 227
314, 227
313, 227
312, 227
311, 227
310, 227
309, 227
308, 227
307, 227
306, 227
305, 227
304, 227
303, 227
302, 227
301, 227
300, 227
299, 227
298, 227
297, 227
296, 227
295, 227
295, 226
296, 226
297, 226
298, 226
299, 226
300, 226
301, 226
302, 226
303, 226
304, 226
305, 226
306, 226
307, 226
308, 226
309, 226
310, 226
311, 226
312, 226
313, 226
314, 226
315, 226
316, 226
317, 226
318, 226
319, 226
320, 226
321, 226
322, 226
323, 226
322, 225
321, 225
320, 225
319, 225
318, 225
317, 225
316, 225
315, 225
314, 225
313, 225
312, 225
311, 225
310, 225
309, 225
308, 225
307, 225
306, 225
305, 225
304, 225
303, 225
302, 225
301, 225
300, 225
299, 225
298, 225
297, 225
296, 225
295, 225
294, 225
293, 225
292, 225
291, 225
291, 224
292, 224
293, 224
294, 224
295, 224
296, 224
297, 224
298, 224
299, 224
300, 224
301, 224
302, 224
303, 224
304, 224
305, 224
306, 224
307, 224
308, 224
309, 224
310, 224
311, 224
312, 224
313, 224
314, 224
315, 224
316, 224
317, 224
318, 224
319, 224
320, 224
321, 224
320, 223
319, 223
318, 223
317, 223
316, 223
315, 223
314, 223
313, 223
312, 223
311, 223
310, 223
309, 223
308, 223
307, 223
306, 223
305, 223
304, 223
303, 223
302, 223
301, 223
300, 223
299, 223
298, 223
297, 223
296, 223
295, 223
294, 223
293, 223
292, 223
291, 223
290, 223
289, 223
288, 223
287, 223
287, 222
288, 222
289, 222
290, 222
291, 222
292, 222
293, 222
294, 222
295, 222
296, 222
297, 222
298, 222
299, 222
300, 222
301, 222
302, 222
303, 222
304, 222
305, 222
306, 222
307, 222
308, 222
309, 222
310, 222
311, 222
312, 222
313, 222
314, 222
315, 222
316, 222
317, 222
318, 222
319, 222
318, 221
317, 221
316, 221
315, 221
314, 221
313, 221
312, 221
311, 221
310, 221
309, 221
308, 221
307, 221
306, 221
305, 221
304, 221
303, 221
302, 221
301, 221
300, 221
299, 221
298, 221
297, 221
296, 221
295, 221
294, 221
293, 221
292, 221
291, 221
290, 221
289, 221
288, 221
287, 221
286, 221
285, 221
284, 221
283, 221
283, 220
284, 220
285, 220
286, 220
287, 220
288, 220
289, 220
290, 220
291, 220
292, 220
293, 220
294, 220
295, 220
296, 220
297, 220
298, 220
299, 220
300, 220
301, 220
302, 220
303, 220
304, 220
305, 220
306, 220
307, 220
308, 220
309, 220
310, 220
311, 220
312, 220
313, 220
314, 220
315, 220
316, 220
317, 220
316, 219
315, 219
314, 219
313, 219
312, 219
311, 219
310, 219
309, 219
308, 219
307, 219
306, 219
305, 219
304, 219
303, 219
302, 219
301, 219
300, 219
299, 219
298, 219
297, 219
296, 219
295, 219
294, 219
293, 219
292, 219
291, 219
290, 219
289, 219
288, 219
287, 219
286, 219
285, 219
284, 219
283, 219
282, 219
281, 219
280, 219
279, 219
279, 218
280, 218
281, 218
282, 218
283, 218
284, 218
285, 218
286, 218
287, 218
288, 218
289, 218
290, 218
291, 218
292, 218
293, 218
294, 218
295, 218
296, 218
297, 218
298, 218
299, 218
300, 218
301, 218
302, 218
303, 218
304, 218
305, 218
306, 218
307, 218
308, 218
309, 218
310, 218
311, 218
312, 218
313, 218
314, 218
315, 218
314, 217
313, 217
312, 217
311, 217
310, 217
309, 217
308, 217
307, 217
306, 217
305, 217
304, 217
303, 217
302, 217
301, 217
300, 217
299, 217
298, 217
297, 217
296, 217
295, 217
294, 217
293, 217
292, 217
291, 217
290, 217
289, 217
288, 217
287, 217
286, 217
285, 217
284, 217
283, 217
282, 217
281, 217
280, 217
279, 217
278, 217
277, 217
276, 217
275, 217
275, 216
276, 216
277, 216
278, 216
279, 216
280, 216
281, 216
282, 216
283, 216
284, 216
285, 216
286, 216
287, 216
288, 216
289, 216
290, 216
291, 216
292, 216
293, 216
294, 216
295, 216
296, 216
297, 216
298, 216
299, 216
300, 216
301, 216
302, 216
303, 216
304, 216
305, 216
306, 216
307, 216
308, 216
309, 216
310, 216
311, 216
312, 216
313, 216
312, 215
311, 215
310, 215
309, 215
308, 215
307, 215
306, 215
305, 215
304, 215
303, 215
302, 215
301, 215
300, 215
299, 215
298, 215
297, 215
296, 215
295, 215
294, 215
293, 215
292, 215
291, 215
290, 215
289, 215
288, 215
287, 215
286, 215
285, 215
284, 215
283, 215
282, 215
281, 215
280, 215
279, 215
278, 215
277, 215
276, 215
275, 215
274, 215
273, 215
272, 215
271, 215
271, 214
272, 214
273, 214
274, 214
275, 214
276, 214
277, 214
278, 214
279, 214
280, 214
281, 214
282, 214
283, 214
284, 214
285, 214
286, 214
287, 214
288, 214
289, 214
290, 214
291, 214
292, 214
293, 214
294, 214
295, 214
296, 214
297, 214
298, 214
299, 214
300, 214
301, 214
302, 214
303, 214
304, 214
305, 214
306, 214
307, 214
308, 214
309, 214
310, 214
311, 214
310, 213
309, 213
308, 213
307, 213
306, 213
305, 213
304, 213
303, 213
302, 213
301, 213
300, 213
299, 213
298, 213
297, 213
296, 213
295, 213
294, 213
293, 213
292, 213
291, 213
290, 213
289, 213
288, 213
287, 213
286, 213
285, 213
284, 213
283, 213
282, 213
281, 213
280, 213
279, 213
278, 213
277, 213
276, 213
275, 213
274, 213
273, 213
272, 213
271, 213
270, 213
269, 213
268, 213
267, 213
267, 212
268, 212
269, 212
270, 212
271, 212
272, 212
273, 212
274, 212
275, 212
276, 212
277, 212
278, 212
279, 212
280, 212
281, 212
282, 212
283, 212
284, 212
285, 212
286, 212
287, 212
288, 212
289, 212
290, 212
291, 212
292, 212
293, 212
294, 212
295, 212
296, 212
297, 212
298, 212
299, 212
300, 212
301, 212
302, 212
303, 212
304, 212
305, 212
306, 212
307, 212
308, 212
309, 212
308, 211
307, 211
306, 211
305, 211
304, 211
303, 211
302, 211
301, 211
300, 211
299, 211
298, 211
297, 211
296, 211
295, 211
294, 211
293, 211
292, 211
291, 211
290, 211
289, 211
288, 211
287, 211
286, 211
285, 211
284, 211
283, 211
282, 211
281, 211
280, 211
279, 211
278, 211
277, 211
276, 211
275, 211
274, 211
273, 211
272, 211
271, 211
270, 211
269, 211
268, 211
267, 211
266, 211
265, 211
264, 211
263, 211
263, 210
264, 210
265, 210
266, 210
267, 210
268, 210
269, 210
270, 210
271, 210
272, 210
273, 210
274, 210
275, 210
276, 210
277, 210
278, 210
279, 210
280, 210
281, 210
282, 210
283, 210
284, 210
285, 210
286, 210
287, 210
288, 210
289, 210
290, 210
291, 210
292, 210
293, 210
294, 210
295, 210
296, 210
297, 210
298, 210
299, 210
300, 210
301, 210
302, 210
303, 210
304, 210
305, 210
306, 210
307, 210
306, 209
305, 209
304, 209
303, 209
302, 209
301, 209
300, 209
299, 209
298, 209
297, 209
296, 209
295, 209
294, 209
293, 209
292, 209
291, 209
290, 209
289, 209
288, 209
287, 209
286, 209
285, 209
284, 209
283, 209
282, 209
281, 209
280, 209
279, 209
278, 209
277, 209
276, 209
275, 209
274, 209
273, 209
272, 209
271, 209
270, 209
269, 209
268, 209
267, 209
266, 209
265, 209
264, 209
263, 209
262, 209
261, 209
260, 209
259, 209
259, 208
260, 208
261, 208
262, 208
263, 208
264, 208
265, 208
266, 208
267, 208
268, 208
269, 208
270, 208
271, 208
272, 208
273, 208
274, 208
275, 208
276, 208
277, 208
278, 208
279, 208
280, 208
281, 208
282, 208
283, 208
284, 208
285, 208
286, 208
287, 208
288, 208
289, 208
290, 208
291, 208
292, 208
293, 208
294, 208
295, 208
296, 208
297, 208
298, 208
299, 208
300, 208
301, 208
302, 208
303, 208
304, 208
305, 208
304, 207
303, 207
302, 207
301, 207
300, 207
299, 207
298, 207
297, 207
296, 207
295, 207
294, 207
293, 207
292, 207
291, 207
290, 207
289, 207
288, 207
287, 207
286, 207
285, 207
284, 207
283, 207
282, 207
281, 207
280, 207
279, 207
278, 207
277, 207
276, 207
275, 207
274, 207
273, 207
272, 207
271, 207
270, 207
269, 207
268, 207
267, 207
266, 207
265, 207
264, 207
263, 207
262, 207
261, 207
260, 207
259, 207
258, 207
257, 207
256, 207
255, 207
255, 206
256, 206
257, 206
258, 206
259, 206
260, 206
261, 206
262, 206
263, 206
264, 206
265, 206
266, 206
267, 206
268, 206
269, 206
270, 206
271, 206
272, 206
273, 206
274, 206
275, 206
276, 206
277, 206
278, 206
279, 206
280, 206
281, 206
282, 206
283, 206
284, 206
285, 206
286, 206
287, 206
288, 206
289, 206
290, 206
291, 206
292, 206
293, 206
294, 206
295, 206
296, 206
297, 206
298, 206
299, 206
300, 206
301, 206
302, 206
303, 206
302, 205
301, 205
300, 205
299, 205
298, 205
297, 205
296, 205
295, 205
294, 205
293, 205
292, 205
291, 205
290, 205
289, 205
288, 205
287, 205
286, 205
285, 205
284, 205
283, 205
282, 205
281, 205
280, 205
279, 205
278, 205
277, 205
276, 205
275, 205
274, 205
273, 205
272, 205
271, 205
270, 205
269, 205
268, 205
267, 205
266, 205
265, 205
264, 205
263, 205
262, 205
261, 205
260, 205
259, 205
258, 205
257, 205
256, 205
255, 205
254, 205
253, 205
252, 205
251, 205
251, 204
252, 204
253, 204
254, 204
255, 204
256, 204
257, 204
258, 204
259, 204
260, 204
261, 204
262, 204
263, 204
264, 204
265, 204
266, 204
267, 204
268, 204
269, 204
270, 204
271, 204
272, 204
273, 204
274, 204
275, 204
276, 204
277, 204
278, 204
279, 204
280, 204
281, 204
282, 204
283, 204
284, 204
285, 204
286, 204
287, 204
288, 204
289, 204
290, 204
291, 204
292, 204
293, 204
294, 204
295, 204
296, 204
297, 204
298, 204
299, 204
300, 204
301, 204
300, 203
299, 203
298, 203
297, 203
296, 203
295, 203
294, 203
293, 203
292, 203
291, 203
290, 203
289, 203
288, 203
287, 203
286, 203
285, 203
284, 203
283, 203
282, 203
281, 203
280, 203
279, 203
278, 203
277, 203
276, 203
275, 203
274, 203
273, 203
272, 203
271, 203
270, 203
269, 203
268, 203
267, 203
266, 203
265, 203
264, 203
263, 203
262, 203
261, 203
260, 203
259, 203
258, 203
257, 203
256, 203
255, 203
254, 203
253, 203
252, 203
251, 203
250, 203
249, 203
248, 203
247, 203
247, 202
248, 202
249, 202
250, 202
251, 202
252, 202
253, 202
254, 202
255, 202
256, 202
257, 202
258, 202
259, 202
260, 202
261, 202
262, 202
263, 202
264, 202
265, 202
266, 202
267, 202
268, 202
269, 202
270, 202
271, 202
272, 202
273, 202
274, 202
275, 202
276, 202
277, 202
278, 202
279, 202
280, 202
281, 202
282, 202
283, 202
284, 202
285, 202
286, 202
287, 202
288, 202
289, 202
290, 202
291, 202
292, 202
293, 202
294, 202
295, 202
296, 202
297, 202
298, 202
299, 202
298, 201
297, 201
296, 201
295, 201
294, 201
293, 201
292, 201
291, 201
290, 201
289, 201
288, 201
287, 201
286, 201
285, 201
284, 201
283, 201
282, 201
281, 201
280, 201
279, 201
278, 201
277, 201
276, 201
275, 201
274, 201
273, 201
272, 201
271, 201
270, 201
269, 201
268, 201
267, 201
266, 201
265, 201
264, 201
263, 201
262, 201
261, 201
260, 201
259, 201
258, 201
257, 201
256, 201
255, 201
254, 201
253, 201
252, 201
251, 201
250, 201
249, 201
248, 201
247, 201
246, 201
245, 201
244, 201
243, 201
243, 200
244, 200
245, 200
246, 200
247, 200
248, 200
249, 200
250, 200
251, 200
252, 200
253, 200
254, 200
255, 200
256, 200
257, 200
258, 200
259, 200
260, 200
261, 200
262, 200
263, 200
264, 200
265, 200
266, 200
267, 200
268, 200
269, 200
270, 200
271, 200
272, 200
273, 200
274, 200
275, 200
276, 200
277, 200
278, 200
279, 200
280, 200
281, 200
282, 200
283, 200
284, 200
285, 200
286, 200
287, 200
288, 200
289, 200
290, 200
291, 200
292, 200
293, 200
294, 200
295, 200
296, 200
297, 200
296, 199
295, 199
294, 199
293, 199
292, 199
291, 199
290, 199
289, 199
288, 199
287, 199
286, 199
285, 199
284, 199
283, 199
282, 199
281, 199
280, 199
279, 199
278, 199
277, 199
276, 199
275, 199
274, 199
273, 199
272, 199
271, 199
270, 199
269, 199
268, 199
267, 199
266, 199
265, 199
264, 199
263, 199
262, 199
261, 199
260, 199
259, 199
258, 199
257, 199
256, 199
255, 199
254, 199
253, 199
252, 199
251, 199
250, 199
249, 199
248, 199
247, 199
246, 199
245, 199
244, 199
243, 199
242, 199
241, 199
240, 199
239, 199
239, 198
240, 198
241, 198
242, 198
243, 198
244, 198
245, 198
246, 198
247, 198
248, 198
249, 198
250, 198
251, 198
252, 198
253, 198
254, 198
255, 198
256, 198
257, 198
258, 198
259, 198
260, 198
261, 198
262, 198
263, 198
264, 198
265, 198
266, 198
267, 198
268, 198
269, 198
270, 198
271, 198
272, 198
273, 198
274, 198
275, 198
276, 198
277, 198
278, 198
279, 198
280, 198
281, 198
282, 198
283, 198
284, 198
285, 198
286, 198
287, 198
288, 198
289, 198
290, 198
291, 198
292, 198
293, 198
294, 198
295, 198
294, 197
293, 197
292, 197
291, 197
290, 197
289, 197
288, 197
287, 197
286, 197
285, 197
284, 197
283, 197
282, 197
281, 197
280, 197
279, 197
278, 197
277, 197
276, 197
275, 197
274, 197
273, 197
272, 197
271, 197
270, 197
269, 197
268, 197
267, 197
266, 197
265, 197
264, 197
263, 197
262, 197
261, 197
260, 197
259, 197
258, 197
257, 197
256, 197
255, 197
254, 197
253, 197
252, 197
251, 197
250, 197
249, 197
248, 197
247, 197
246, 197
245, 197
244, 197
243, 197
242, 197
241, 197
240, 197
239, 197
238, 197
237, 197
236, 197
235, 197
235, 196
236, 196
237, 196
238, 196
239, 196
240, 196
241, 196
242, 196
243, 196
244, 196
245, 196
246, 196
247, 196
248, 196
249, 196
250, 196
251, 196
252, 196
253, 196
254, 196
255, 196
256, 196
257, 196
258, 196
259, 196
260, 196
261, 196
262, 196
263, 196
264, 196
265, 196
266, 196
267, 196
268, 196
269, 196
270, 196
271, 196
272, 196
273, 196
274, 196
275, 196
276, 196
277, 196
278, 196
279, 196
280, 196
281, 196
282, 196
283, 196
284, 196
285, 196
286, 196
287, 196
288, 196
289, 196
290, 196
291, 196
292, 196
293, 196
292, 195
291, 195
290, 195
289, 195
288, 195
287, 195
286, 195
285, 195
284, 195
283, 195
282, 195
281, 195
280, 195
279, 195
278, 195
277, 195
276, 195
275, 195
274, 195
273, 195
272, 195
271, 195
270, 195
269, 195
268, 195
267, 195
266, 195
265, 195
264, 195
263, 195
262, 195
261, 195
260, 195
259, 195
258, 195
257, 195
256, 195
255, 195
254, 195
253, 195
252, 195
251, 195
250, 195
249, 195
248, 195
247, 195
246, 195
245, 195
244, 195
243, 195
242, 195
241, 195
240, 195
239, 195
238, 195
237, 195
236, 195
235, 195
234, 195
233, 195
232, 195
231, 195
231, 194
232, 194
233, 194
234, 194
235, 194
236, 194
237, 194
238, 194
239, 194
240, 194
241, 194
242, 194
243, 194
244, 194
245, 194
246, 194
247, 194
248, 194
249, 194
250, 194
251, 194
252, 194
253, 194
254, 194
255, 194
256, 194
257, 194
258, 194
259, 194
260, 194
259, 193
258, 193
257, 193
256, 193
255, 193
254, 193
253, 193
252, 193
251, 193
250, 193
249, 193
248, 193
247, 193
246, 193
245, 193
244, 193
243, 193
242, 193
241, 193
240, 193
239, 193
238, 193
237, 193
236, 193
235, 193
234, 193
233, 193
232, 193
231, 193
230, 193
229, 193
228, 193
227, 193
227, 192
228, 192
229, 192
230, 192
231, 192
232, 192
233, 192
234, 192
235, 192
236, 192
237, 192
238, 192
239, 192
240, 192
241, 192
242, 192
243, 192
244, 192
245, 192
246, 192
247, 192
248, 192
249, 192
250, 192
251, 192
252, 192
253, 192
254, 192
255, 192
256, 192
257, 192
258, 192
259, 192
260, 192
261, 192
262, 192
263, 192
264, 192
265, 192
266, 192
267, 192
268, 192
269, 192
270, 192
271, 192
272, 192
273, 192
274, 192
275, 192
276, 192
277, 192
278, 192
279, 192
280, 192
281, 192
282, 192
283, 192
284, 192
285, 192
286, 192
287, 192
288, 192
289, 192
290, 192
291, 192
291, 193
292, 193
290, 193
289, 193
288, 193
287, 193
286, 193
285, 193
284, 193
283, 193
282, 193
281, 193
280, 193
279, 193
278, 193
277, 193
276, 193
275, 193
274, 193
273, 193
272, 193
271, 193
270, 193
269, 193
268, 193
267, 193
266, 193
265, 193
264, 193
263, 193
262, 193
261, 193
290, 191
289, 191
288, 191
287, 191
286, 191
285, 191
284, 191
283, 191
282, 191
281, 191
280, 191
279, 191
278, 191
277, 191
276, 191
275, 191
274, 191
273, 191
272, 191
271, 191
270, 191
269, 191
268, 191
267, 191
266, 191
265, 191
264, 191
263, 191
262, 191
261, 191
260, 191
259, 191
258, 191
257, 191
256, 191
255, 191
254, 191
253, 191
252, 191
251, 191
250, 191
249, 191
248, 191
247, 191
246, 191
245, 191
244, 191
243, 191
242, 191
241, 191
240, 191
239, 191
238, 191
237, 191
236, 191
235, 191
234, 191
233, 191
232, 191
231, 191
230, 191
229, 191
228, 191
227, 191
226, 191
225, 191
224, 191
223, 191
223, 190
224, 190
225, 190
226, 190
227, 190
228, 190
229, 190
230, 190
231, 190
232, 190
233, 190
234, 190
235, 190
236, 190
237, 190
238, 190
239, 190
240, 190
241, 190
242, 190
243, 190
244, 190
245, 190
246, 190
247, 190
248, 190
249, 190
250, 190
251, 190
252, 190
253, 190
254, 190
255, 190
256, 190
257, 190
258, 190
259, 190
260, 190
261, 190
262, 190
263, 190
264, 190
265, 190
266, 190
267, 190
268, 190
269, 190
270, 190
271, 190
272, 190
273, 190
274, 190
275, 190
276, 190
277, 190
278, 190
279, 190
280, 190
281, 190
282, 190
283, 190
284, 190
285, 190
286, 190
287, 190
288, 190
289, 190
288, 189
287, 189
286, 189
285, 189
284, 189
283, 189
282, 189
281, 189
280, 189
279, 189
278, 189
277, 189
276, 189
275, 189
274, 189
273, 189
272, 189
271, 189
270, 189
269, 189
268, 189
267, 189
266, 189
265, 189
264, 189
263, 189
262, 189
261, 189
260, 189
259, 189
258, 189
257, 189
256, 189
255, 189
254, 189
253, 189
252, 189
251, 189
250, 189
249, 189
248, 189
247, 189
246, 189
245, 189
244, 189
243, 189
242, 189
241, 189
240, 189
239, 189
238, 189
237, 189
236, 189
235, 189
234, 189
233, 189
232, 189
231, 189
230, 189
229, 189
228, 189
227, 189
226, 189
225, 189
224, 189
223, 189
222, 189
221, 189
220, 189
219, 189
219, 188
220, 188
221, 188
222, 188
223, 188
224, 188
225, 188
226, 188
227, 188
228, 188
229, 188
230, 188
231, 188
232, 188
233, 188
234, 188
235, 188
236, 188
237, 188
238, 188
239, 188
240, 188
241, 188
242, 188
243, 188
244, 188
245, 188
246, 188
247, 188
248, 188
249, 188
250, 188
251, 188
252, 188
253, 188
254, 188
255, 188
256, 188
257, 188
258, 188
259, 188
260, 188
261, 188
262, 188
263, 188
264, 188
265, 188
266, 188
267, 188
268, 188
269, 188
270, 188
271, 188
272, 188
273, 188
274, 188
275, 188
276, 188
277, 188
278, 188
279, 188
280, 188
281, 188
282, 188
283, 188
284, 188
285, 188
286, 188
287, 188
286, 187
285, 187
284, 187
283, 187
282, 187
281, 187
280, 187
279, 187
278, 187
277, 187
276, 187
275, 187
274, 187
273, 187
272, 187
271, 187
270, 187
269, 187
268, 187
267, 187
266, 187
265, 187
264, 187
263, 187
262, 187
261, 187
260, 187
259, 187
258, 187
257, 187
256, 187
255, 187
254, 187
253, 187
252, 187
251, 187
250, 187
249, 187
248, 187
247, 187
246, 187
245, 187
244, 187
243, 187
242, 187
241, 187
240, 187
239, 187
238, 187
237, 187
236, 187
235, 187
234, 187
233, 187
232, 187
231, 187
230, 187
229, 187
228, 187
227, 187
226, 187
225, 187
224, 187
223, 187
222, 187
221, 187
220, 187
219, 187
218, 187
217, 187
216, 187
215, 187
215, 186
216, 186
217, 186
218, 186
219, 186
220, 186
221, 186
222, 186
223, 186
224, 186
225, 186
226, 186
227, 186
228, 186
229, 186
230, 186
231, 186
232, 186
233, 186
234, 186
235, 186
236, 186
237, 186
238, 186
239, 186
240, 186
241, 186
242, 186
243, 186
244, 186
245, 186
246, 186
247, 186
248, 186
249, 186
250, 186
251, 186
252, 186
253, 186
254, 186
255, 186
256, 186
257, 186
258, 186
259, 186
260, 186
261, 186
262, 186
263, 186
264, 186
265, 186
266, 186
267, 186
268, 186
269, 186
270, 186
271, 186
272, 186
273, 186
274, 186
275, 186
276, 186
277, 186
278, 186
279, 186
280, 186
281, 186
282, 186
283, 186
284, 186
285, 186
284, 185
283, 185
282, 185
281, 185
280, 185
279, 185
278, 185
277, 185
276, 185
275, 185
274, 185
273, 185
272, 185
271, 185
270, 185
269, 185
268, 185
267, 185
266, 185
265, 185
264, 185
263, 185
262, 185
261, 185
260, 185
259, 185
258, 185
257, 185
256, 185
255, 185
254, 185
253, 185
252, 185
251, 185
250, 185
249, 185
248, 185
247, 185
246, 185
245, 185
244, 185
243, 185
242, 185
241, 185
240, 185
239, 185
238, 185
237, 185
236, 185
235, 185
234, 185
233, 185
232, 185
231, 185
230, 185
229, 185
228, 185
227, 185
226, 185
225, 185
224, 185
223, 185
222, 185
221, 185
220, 185
219, 185
218, 185
217, 185
216, 185
215, 185
214, 185
213, 185
212, 185
211, 185
211, 184
212, 184
213, 184
214, 184
215, 184
216, 184
217, 184
218, 184
219, 184
220, 184
221, 184
222, 184
223, 184
224, 184
225, 184
226, 184
227, 184
228, 184
229, 184
230, 184
231, 184
232, 184
233, 184
234, 184
235, 184
236, 184
237, 184
238, 184
239, 184
240, 184
241, 184
242, 184
243, 184
244, 184
245, 184
246, 184
247, 184
248, 184
249, 184
250, 184
251, 184
252, 184
253, 184
254, 184
255, 184
256, 184
257, 184
258, 184
259, 184
260, 184
261, 184
262, 184
263, 184
264, 184
265, 184
266, 184
267, 184
268, 184
269, 184
270, 184
271, 184
272, 184
273, 184
274, 184
275, 184
276, 184
277, 184
278, 184
279, 184
280, 184
281, 184
282, 184
283, 184
282, 183
281, 183
280, 183
279, 183
278, 183
277, 183
276, 183
275, 183
274, 183
273, 183
272, 183
271, 183
270, 183
269, 183
268, 183
267, 183
266, 183
265, 183
264, 183
263, 183
262, 183
261, 183
260, 183
259, 183
258, 183
257, 183
256, 183
255, 183
254, 183
253, 183
252, 183
251, 183
250, 183
249, 183
248, 183
247, 183
246, 183
245, 183
244, 183
243, 183
242, 183
241, 183
240, 183
239, 183
238, 183
237, 183
236, 183
235, 183
234, 183
233, 183
232, 183
231, 183
230, 183
229, 183
228, 183
227, 183
226, 183
225, 183
224, 183
223, 183
222, 183
221, 183
220, 183
219, 183
218, 183
217, 183
216, 183
215, 183
214, 183
213, 183
212, 183
211, 183
210, 183
209, 183
208, 183
207, 183
207, 182
208, 182
209, 182
210, 182
211, 182
212, 182
213, 182
214, 182
215, 182
216, 182
217, 182
218, 182
219, 182
220, 182
221, 182
222, 182
223, 182
224, 182
225, 182
226, 182
227, 182
228, 182
229, 182
230, 182
231, 182
232, 182
233, 182
234, 182
235, 182
236, 182
237, 182
238, 182
239, 182
240, 182
241, 182
242, 182
243, 182
244, 182
245, 182
246, 182
247, 182
248, 182
249, 182
250, 182
251, 182
252, 182
253, 182
254, 182
255, 182
256, 182
257, 182
258, 182
259, 182
260, 182
261, 182
262, 182
263, 182
264, 182
265, 182
266, 182
267, 182
268, 182
269, 182
270, 182
271, 182
272, 182
273, 182
274, 182
275, 182
276, 182
277, 182
278, 182
279, 182
280, 182
281, 182
280, 181
279, 181
278, 181
277, 181
276, 181
275, 181
274, 181
273, 181
272, 181
271, 181
270, 181
269, 181
268, 181
267, 181
266, 181
265, 181
264, 181
263, 181
262, 181
261, 181
260, 181
259, 181
258, 181
257, 181
256, 181
255, 181
254, 181
253, 181
252, 181
251, 181
250, 181
249, 181
248, 181
247, 181
246, 181
245, 181
244, 181
243, 181
242, 181
241, 181
240, 181
239, 181
238, 181
237, 181
236, 181
235, 181
234, 181
233, 181
232, 181
231, 181
230, 181
229, 181
228, 181
227, 181
226, 181
225, 181
224, 181
223, 181
222, 181
221, 181
220, 181
219, 181
218, 181
217, 181
216, 181
215, 181
214, 181
213, 181
212, 181
211, 181
210, 181
209, 181
208, 181
207, 181
206, 181
205, 181
204, 181
203, 181
203, 180
204, 180
205, 180
206, 180
207, 180
208, 180
209, 180
210, 180
211, 180
212, 180
213, 180
214, 180
215, 180
216, 180
217, 180
218, 180
219, 180
220, 180
221, 180
222, 180
223, 180
224, 180
225, 180
226, 180
227, 180
228, 180
229, 180
230, 180
231, 180
232, 180
233, 180
234, 180
235, 180
236, 180
237, 180
238, 180
239, 180
240, 180
241, 180
242, 180
243, 180
244, 180
245, 180
246, 180
247, 180
248, 180
249, 180
250, 180
251, 180
252, 180
253, 180
254, 180
255, 180
256, 180
257, 180
258, 180
259, 180
260, 180
261, 180
262, 180
263, 180
264, 180
265, 180
266, 180
267, 180
268, 180
269, 180
270, 180
271, 180
272, 180
273, 180
274, 180
275, 180
276, 180
277, 180
278, 180
279, 180
278, 179
277, 179
276, 179
275, 179
274, 179
273, 179
272, 179
271, 179
270, 179
269, 179
268, 179
267, 179
266, 179
265, 179
264, 179
263, 179
262, 179
261, 179
260, 179
259, 179
258, 179
257, 179
256, 179
255, 179
254, 179
253, 179
252, 179
251, 179
250, 179
249, 179
248, 179
247, 179
246, 179
245, 179
244, 179
243, 179
242, 179
241, 179
240, 179
239, 179
238, 179
237, 179
236, 179
235, 179
234, 179
233, 179
232, 179
231, 179
230, 179
229, 179
228, 179
227, 179
226, 179
225, 179
224, 179
223, 179
222, 179
221, 179
220, 179
219, 179
218, 179
217, 179
216, 179
215, 179
214, 179
213, 179
212, 179
211, 179
210, 179
209, 179
208, 179
207, 179
206, 179
205, 179
204, 179
203, 179
202, 179
201, 179
200, 179
199, 179
199, 178
200, 178
201, 178
202, 178
203, 178
204, 178
205, 178
206, 178
207, 178
208, 178
209, 178
210, 178
211, 178
212, 178
213, 178
214, 178
215, 178
216, 178
217, 178
218, 178
219, 178
220, 178
221, 178
222, 178
223, 178
224, 178
225, 178
226, 178
227, 178
228, 178
229, 178
230, 178
231, 178
232, 178
233, 178
234, 178
235, 178
236, 178
237, 178
238, 178
239, 178
240, 178
241, 178
242, 178
243, 178
244, 178
245, 178
246, 178
247, 178
248, 178
249, 178
250, 178
251, 178
252, 178
253, 178
254, 178
255, 178
256, 178
257, 178
258, 178
259, 178
260, 178
261, 178
262, 178
263, 178
264, 178
265, 178
266, 178
267, 178
268, 178
269, 178
270, 178
271, 178
272, 178
273, 178
274, 178
275, 178
276, 178
277, 178
276, 177
275, 177
274, 177
273, 177
272, 177
271, 177
270, 177
269, 177
268, 177
267, 177
266, 177
265, 177
264, 177
263, 177
262, 177
261, 177
260, 177
259, 177
258, 177
257, 177
256, 177
255, 177
254, 177
253, 177
252, 177
251, 177
250, 177
249, 177
248, 177
247, 177
246, 177
245, 177
244, 177
243, 177
242, 177
241, 177
240, 177
239, 177
238, 177
237, 177
236, 177
235, 177
234, 177
233, 177
232, 177
231, 177
230, 177
229, 177
228, 177
227, 177
226, 177
225, 177
224, 177
223, 177
222, 177
221, 177
220, 177
219, 177
218, 177
217, 177
216, 177
215, 177
214, 177
213, 177
212, 177
211, 177
210, 177
209, 177
208, 177
207, 177
206, 177
205, 177
204, 177
203, 177
202, 177
201, 177
200, 177
199, 177
198, 177
197, 177
196, 177
195, 177
195, 176
196, 176
197, 176
198, 176
199, 176
200, 176
201, 176
202, 176
203, 176
204, 176
205, 176
206, 176
207, 176
208, 176
209, 176
210, 176
211, 176
212, 176
213, 176
214, 176
215, 176
216, 176
217, 176
218, 176
219, 176
220, 176
221, 176
222, 176
223, 176
224, 176
225, 176
226, 176
227, 176
228, 176
229, 176
230, 176
231, 176
232, 176
233, 176
234, 176
235, 176
236, 176
237, 176
238, 176
239, 176
240, 176
241, 176
242, 176
243, 176
244, 176
245, 176
246, 176
247, 176
248, 176
249, 176
250, 176
251, 176
252, 176
253, 176
254, 176
255, 176
256, 176
257, 176
258, 176
259, 176
260, 176
261, 176
262, 176
263, 176
264, 176
265, 176
266, 176
267, 176
268, 176
269, 176
270, 176
271, 176
272, 176
273, 176
274, 176
275, 176
274, 175
273, 175
272, 175
271, 175
270, 175
269, 175
268, 175
267, 175
266, 175
265, 175
264, 175
263, 175
262, 175
261, 175
260, 175
259, 175
258, 175
257, 175
256, 175
255, 175
254, 175
253, 175
252, 175
251, 175
250, 175
249, 175
248, 175
247, 175
246, 175
245, 175
244, 175
243, 175
242, 175
241, 175
240, 175
239, 175
238, 175
237, 175
236, 175
235, 175
234, 175
233, 175
232, 175
231, 175
230, 175
229, 175
228, 175
227, 175
226, 175
225, 175
224, 175
223, 175
222, 175
221, 175
220, 175
219, 175
218, 175
217, 175
216, 175
215, 175
214, 175
213, 175
212, 175
211, 175
210, 175
209, 175
208, 175
207, 175
206, 175
205, 175
204, 175
203, 175
202, 175
201, 175
200, 175
199, 175
198, 175
197, 175
196, 175
195, 175
194, 175
193, 175
192, 175
191, 175
191, 174
192, 174
193, 174
194, 174
195, 174
196, 174
197, 174
198, 174
199, 174
200, 174
201, 174
202, 174
203, 174
204, 174
205, 174
206, 174
207, 174
208, 174
209, 174
210, 174
211, 174
212, 174
213, 174
214, 174
215, 174
216, 174
217, 174
218, 174
219, 174
220, 174
221, 174
222, 174
223, 174
224, 174
225, 174
226, 174
227, 174
228, 174
229, 174
230, 174
231, 174
232, 174
233, 174
234, 174
235, 174
236, 174
237, 174
238, 174
239, 174
240, 174
241, 174
242, 174
243, 174
244, 174
245, 174
246, 174
247, 174
248, 174
249, 174
250, 174
251, 174
252, 174
253, 174
254, 174
255, 174
256, 174
257, 174
258, 174
259, 174
260, 174
261, 174
262, 174
263, 174
264, 174
265, 174
266, 174
267, 174
268, 174
269, 174
270, 174
271, 174
272, 174
273, 174
272, 173
271, 173
270, 173
269, 173
268, 173
267, 173
266, 173
265, 173
264, 173
263, 173
262, 173
261, 173
260, 173
259, 173
258, 173
257, 173
256, 173
255, 173
254, 173
253, 173
252, 173
251, 173
250, 173
249, 173
248, 173
247, 173
246, 173
245, 173
244, 173
243, 173
242, 173
241, 173
240, 173
239, 173
238, 173
237, 173
236, 173
235, 173
234, 173
233, 173
232, 173
231, 173
230, 173
229, 173
228, 173
227, 173
226, 173
225, 173
224, 173
223, 173
222, 173
221, 173
220, 173
219, 173
218, 173
217, 173
216, 173
215, 173
214, 173
213, 173
212, 173
211, 173
210, 173
209, 173
208, 173
207, 173
206, 173
205, 173
204, 173
203, 173
202, 173
201, 173
200, 173
199, 173
198, 173
197, 173
196, 173
195, 173
194, 173
193, 173
192, 173
191, 173
190, 173
189, 173
188, 173
187, 173
187, 172
188, 172
189, 172
190, 172
191, 172
192, 172
193, 172
194, 172
195, 172
196, 172
197, 172
198, 172
199, 172
200, 172
201, 172
202, 172
203, 172
204, 172
205, 172
206, 172
207, 172
208, 172
209, 172
210, 172
211, 172
212, 172
213, 172
214, 172
215, 172
216, 172
217, 172
218, 172
219, 172
220, 172
221, 172
222, 172
223, 172
224, 172
225, 172
226, 172
227, 172
228, 172
229, 172
230, 172
231, 172
232, 172
233, 172
234, 172
235, 172
236, 172
237, 172
238, 172
239, 172
240, 172
241, 172
242, 172
243, 172
244, 172
245, 172
246, 172
247, 172
248, 172
249, 172
250, 172
251, 172
252, 172
253, 172
254, 172
255, 172
256, 172
257, 172
258, 172
259, 172
260, 172
261, 172
262, 172
263, 172
264, 172
265, 172
266, 172
267, 172
268, 172
269, 172
270, 172
271, 172
270, 171
269, 171
268, 171
267, 171
266, 171
265, 171
264, 171
263, 171
262, 171
261, 171
260, 171
259, 171
258, 171
257, 171
256, 171
255, 171
254, 171
253, 171
252, 171
251, 171
250, 171
249, 171
248, 171
247, 171
246, 171
245, 171
244, 171
243, 171
242, 171
241, 171
240, 171
239, 171
238, 171
237, 171
236, 171
235, 171
234, 171
233, 171
232, 171
231, 171
230, 171
229, 171
228, 171
227, 171
226, 171
225, 171
224, 171
223, 171
222, 171
221, 171
220, 171
219, 171
218, 171
217, 171
216, 171
215, 171
214, 171
213, 171
212, 171
211, 171
210, 171
209, 171
208, 171
207, 171
206, 171
205, 171
204, 171
203, 171
202, 171
201, 171
200, 171
199, 171
198, 171
197, 171
196, 171
195, 171
194, 171
193, 171
192, 171
191, 171
190, 171
189, 171
188, 171
187, 171
186, 171
185, 171
184, 171
183, 171
183, 170
184, 170
185, 170
186, 170
187, 170
188, 170
189, 170
190, 170
191, 170
192, 170
193, 170
194, 170
195, 170
196, 170
197, 170
198, 170
199, 170
200, 170
201, 170
202, 170
203, 170
204, 170
205, 170
206, 170
207, 170
208, 170
209, 170
210, 170
211, 170
212, 170
213, 170
214, 170
215, 170
216, 170
217, 170
218, 170
219, 170
220, 170
221, 170
222, 170
223, 170
224, 170
225, 170
226, 170
227, 170
228, 170
229, 170
230, 170
231, 170
232, 170
233, 170
234, 170
235, 170
236, 170
237, 170
238, 170
239, 170
240, 170
241, 170
242, 170
243, 170
244, 170
245, 170
246, 170
247, 170
248, 170
249, 170
250, 170
251, 170
252, 170
253, 170
254, 170
255, 170
256, 170
257, 170
258, 170
259, 170
260, 170
261, 170
262, 170
263, 170
264, 170
265, 170
266, 170
267, 170
268, 170
269, 170
268, 169
267, 169
266, 169
265, 169
264, 169
263, 169
262, 169
261, 169
260, 169
259, 169
258, 169
257, 169
256, 169
255, 169
254, 169
253, 169
252, 169
251, 169
250, 169
249, 169
248, 169
247, 169
246, 169
245, 169
244, 169
243, 169
242, 169
241, 169
240, 169
239, 169
238, 169
237, 169
236, 169
235, 169
234, 169
233, 169
232, 169
231, 169
230, 169
229, 169
228, 169
227, 169
226, 169
225, 169
224, 169
223, 169
222, 169
221, 169
220, 169
219, 169
218, 169
217, 169
216, 169
215, 169
214, 169
213, 169
212, 169
211, 169
210, 169
209, 169
208, 169
207, 169
206, 169
205, 169
204, 169
203, 169
202, 169
201, 169
200, 169
199, 169
198, 169
197, 169
196, 169
195, 169
194, 169
193, 169
192, 169
191, 169
190, 169
189, 169
188, 169
187, 169
186, 169
185, 169
184, 169
183, 169
182, 169
181, 169
180, 169
179, 169
179, 168
180, 168
181, 168
182, 168
183, 168
184, 168
185, 168
186, 168
187, 168
188, 168
189, 168
190, 168
191, 168
192, 168
193, 168
194, 168
195, 168
196, 168
197, 168
198, 168
199, 168
200, 168
201, 168
202, 168
203, 168
204, 168
205, 168
206, 168
207, 168
208, 168
209, 168
210, 168
211, 168
212, 168
213, 168
214, 168
215, 168
216, 168
217, 168
218, 168
219, 168
220, 168
221, 168
222, 168
223, 168
224, 168
225, 168
226, 168
227, 168
228, 168
229, 168
230, 168
231, 168
232, 168
233, 168
234, 168
235, 168
236, 168
237, 168
238, 168
239, 168
240, 168
241, 168
242, 168
243, 168
244, 168
245, 168
246, 168
247, 168
248, 168
249, 168
250, 168
251, 168
252, 168
253, 168
254, 168
255, 168
256, 168
257, 168
258, 168
259, 168
260, 168
261, 168
262, 168
263, 168
264, 168
265, 168
266, 168
267, 168
266, 167
265, 167
264, 167
263, 167
262, 167
261, 167
260, 167
259, 167
258, 167
257, 167
256, 167
255, 167
254, 167
253, 167
252, 167
251, 167
250, 167
249, 167
248, 167
247, 167
246, 167
245, 167
244, 167
243, 167
242, 167
241, 167
240, 167
239, 167
238, 167
237, 167
236, 167
235, 167
234, 167
233, 167
232, 167
231, 167
230, 167
229, 167
228, 167
227, 167
226, 167
225, 167
224, 167
223, 167
222, 167
221, 167
220, 167
219, 167
218, 167
217, 167
216, 167
215, 167
214, 167
213, 167
212, 167
211, 167
210, 167
209, 167
208, 167
207, 167
206, 167
205, 167
204, 167
203, 167
202, 167
201, 167
200, 167
199, 167
198, 167
197, 167
196, 167
195, 167
194, 167
193, 167
192, 167
191, 167
190, 167
189, 167
188, 167
187, 167
186, 167
185, 167
184, 167
183, 167
182, 167
181, 167
180, 167
179, 167
178, 167
177, 167
176, 167
175, 167
175, 166
176, 166
177, 166
178, 166
179, 166
180, 166
181, 166
182, 166
183, 166
184, 166
185, 166
186, 166
187, 166
188, 166
189, 166
190, 166
191, 166
192, 166
193, 166
194, 166
195, 166
196, 166
197, 166
198, 166
199, 166
200, 166
201, 166
202, 166
203, 166
204, 166
205, 166
206, 166
207, 166
208, 166
209, 166
210, 166
211, 166
212, 166
213, 166
214, 166
215, 166
216, 166
217, 166
218, 166
219, 166
220, 166
221, 166
222, 166
223, 166
224, 166
225, 166
226, 166
227, 166
228, 166
229, 166
230, 166
231, 166
232, 166
233, 166
234, 166
235, 166
236, 166
237, 166
238, 166
239, 166
240, 166
241, 166
242, 166
243, 166
244, 166
245, 166
246, 166
247, 166
248, 166
249, 166
250, 166
251, 166
252, 166
253, 166
254, 166
255, 166
256, 166
257, 166
258, 166
259, 166
260, 166
261, 166
262, 166
263, 166
264, 166
265, 166
264, 165
263, 165
262, 165
261, 165
260, 165
259, 165
258, 165
257, 165
256, 165
255, 165
254, 165
253, 165
252, 165
251, 165
250, 165
249, 165
248, 165
247, 165
246, 165
245, 165
244, 165
243, 165
242, 165
241, 165
240, 165
239, 165
238, 165
237, 165
236, 165
235, 165
234, 165
233, 165
232, 165
231, 165
230, 165
229, 165
228, 165
227, 165
226, 165
225, 165
224, 165
223, 165
222, 165
221, 165
220, 165
219, 165
218, 165
217, 165
216, 165
215, 165
214, 165
213, 165
212, 165
211, 165
210, 165
209, 165
208, 165
207, 165
206, 165
205, 165
204, 165
203, 165
202, 165
201, 165
200, 165
199, 165
198, 165
197, 165
196, 165
195, 165
194, 165
193, 165
192, 165
191, 165
190, 165
189, 165
188, 165
187, 165
186, 165
185, 165
184, 165
183, 165
182, 165
181, 165
180, 165
179, 165
178, 165
177, 165
176, 165
175, 165
174, 165
173, 165
172, 165
171, 165
171, 164
172, 164
173, 164
174, 164
175, 164
176, 164
177, 164
178, 164
179, 164
180, 164
181, 164
182, 164
183, 164
184, 164
185, 164
186, 164
187, 164
188, 164
189, 164
190, 164
191, 164
192, 164
193, 164
194, 164
195, 164
196, 164
197, 164
198, 164
199, 164
200, 164
201, 164
202, 164
203, 164
204, 164
205, 164
206, 164
207, 164
208, 164
209, 164
210, 164
211, 164
212, 164
213, 164
214, 164
215, 164
216, 164
217, 164
218, 164
219, 164
220, 164
221, 164
222, 164
223, 164
224, 164
225, 164
226, 164
227, 164
228, 164
229, 164
230, 164
231, 164
232, 164
233, 164
234, 164
235, 164
236, 164
237, 164
238, 164
239, 164
240, 164
241, 164
242, 164
243, 164
244, 164
245, 164
246, 164
247, 164
248, 164
249, 164
250, 164
251, 164
252, 164
253, 164
254, 164
255, 164
256, 164
257, 164
258, 164
259, 164
260, 164
261, 164
262, 164
263, 164
262, 163
261, 163
260, 163
259, 163
258, 163
257, 163
256, 163
255, 163
254, 163
253, 163
252, 163
251, 163
250, 163
249, 163
248, 163
247, 163
246, 163
245, 163
244, 163
243, 163
242, 163
241, 163
240, 163
239, 163
238, 163
237, 163
236, 163
235, 163
234, 163
233, 163
232, 163
231, 163
230, 163
229, 163
228, 163
227, 163
226, 163
225, 163
224, 163
223, 163
222, 163
221, 163
220, 163
219, 163
218, 163
217, 163
216, 163
215, 163
214, 163
213, 163
212, 163
211, 163
210, 163
209, 163
208, 163
207, 163
206, 163
205, 163
204, 163
203, 163
202, 163
201, 163
200, 163
199, 163
198, 163
197, 163
196, 163
195, 163
194, 163
193, 163
192, 163
191, 163
190, 163
189, 163
188, 163
187, 163
186, 163
185, 163
184, 163
183, 163
182, 163
181, 163
180, 163
179, 163
178, 163
177, 163
176, 163
175, 163
174, 163
173, 163
172, 163
171, 163
170, 163
169, 163
168, 163
167, 163
167, 162
168, 162
169, 162
170, 162
171, 162
172, 162
173, 162
174, 162
175, 162
176, 162
177, 162
178, 162
179, 162
180, 162
181, 162
182, 162
183, 162
184, 162
185, 162
186, 162
187, 162
188, 162
189, 162
190, 162
191, 162
192, 162
193, 162
194, 162
195, 162
196, 162
197, 162
198, 162
199, 162
200, 162
201, 162
202, 162
203, 162
204, 162
205, 162
206, 162
207, 162
208, 162
209, 162
210, 162
211, 162
212, 162
213, 162
214, 162
215, 162
216, 162
217, 162
218, 162
219, 162
220, 162
221, 162
222, 162
223, 162
224, 162
225, 162
226, 162
227, 162
228, 162
229, 162
230, 162
231, 162
232, 162
233, 162
234, 162
235, 162
236, 162
237, 162
238, 162
239, 162
240, 162
241, 162
242, 162
243, 162
244, 162
245, 162
246, 162
247, 162
248, 162
249, 162
250, 162
251, 162
252, 162
253, 162
254, 162
255, 162
256, 162
257, 162
258, 162
259, 162
260, 162
261, 162
260, 161
259, 161
258, 161
257, 161
256, 161
255, 161
254, 161
253, 161
252, 161
251, 161
250, 161
249, 161
248, 161
247, 161
246, 161
245, 161
244, 161
243, 161
242, 161
241, 161
240, 161
239, 161
238, 161
237, 161
236, 161
235, 161
234, 161
233, 161
232, 161
231, 161
230, 161
229, 161
228, 161
227, 161
226, 161
225, 161
224, 161
223, 161
222, 161
221, 161
220, 161
219, 161
218, 161
217, 161
216, 161
215, 161
214, 161
213, 161
212, 161
211, 161
210, 161
209, 161
208, 161
207, 161
206, 161
205, 161
204, 161
203, 161
202, 161
201, 161
200, 161
199, 161
198, 161
197, 161
196, 161
195, 161
194, 161
193, 161
192, 161
191, 161
190, 161
189, 161
188, 161
187, 161
186, 161
185, 161
184, 161
183, 161
182, 161
181, 161
180, 161
179, 161
178, 161
177, 161
176, 161
175, 161
174, 161
173, 161
172, 161
171, 161
170, 161
169, 161
168, 161
167, 161
166, 161
165, 161
164, 161
163, 161
165, 162
166, 162
169, 164
170, 164
173, 166
174, 166
177, 168
178, 168
181, 170
182, 170
185, 172
186, 172
189, 174
190, 174
193, 176
194, 176
197, 178
198, 178
201, 180
202, 180
205, 182
206, 182
209, 184
210, 184
213, 186
214, 186
217, 188
218, 188
221, 190
222, 190
225, 192
226, 192
229, 194
230, 194
233, 196
234, 196
237, 198
238, 198
241, 200
242, 200
245, 202
246, 202
249, 204
250, 204
253, 206
254, 206
257, 208
258, 208
261, 210
262, 210
265, 212
266, 212
269, 214
270, 214
273, 216
274, 216
277, 218
278, 218
281, 220
282, 220
285, 222
286, 222
289, 224
290, 224
293, 226
294, 226
297, 228
298, 228
301, 230
302, 230
305, 232
306, 232
309, 234
310, 234
313, 236
314, 236
317, 238
318, 238
321, 240
322, 240
325, 242
326, 242
329, 244
330, 244
333, 246
334, 246
337, 248
338, 248
341, 250
342, 250
345, 252
346, 252
